17
NFECIMNI_00017             0.0000000 3.5652062 3.5445496 3.8897968 3.8159739 3.8067717 3.8298770 3.6347108 3.5335710 2.4930140 3.5614645 3.5735232 3.5252735 3.4440228 4.0909462 3.3731127 3.4093310 
sp|A0A7H0DN21.1|RIR2_MONPV 3.5652062 0.0000000 0.0093642 2.7331315 1.3548762 1.3678588 1.3674691 0.0253615 0.0221179 4.2912893 0.0125121 0.0156745 0.0189165 0.2988678 2.6978299 0.3006316 0.7052730 
sp|O57175.1|RIR2_VACCA     3.5445496 0.0093642 0.0000000 2.6856392 1.3372796 1.3502688 1.3498506 0.0221045 0.0188843 4.2124931 0.0031073 0.0062276 0.0093953 0.2924719 2.6430452 0.2944569 0.6911926 
sp|P09247.1|RIR2_VZVD      3.8897968 2.7331315 2.6856392 0.0000000 2.8758132 2.8786404 2.8913849 2.6914550 2.6345582 4.8527112 2.6983468 2.7124162 2.7320762 2.6511603 0.7567317 2.8791766 2.4408130 
sp|P0C8I0.1|RIR2_ASFK5     3.8159739 1.3548762 1.3372796 2.8758132 0.0000000 0.0441011 0.0313043 1.3731744 1.3210544 4.2163708 1.3433671 1.3497225 1.3413890 1.4897901 2.8654784 1.5029911 1.6429779 
sp|P0C8I1.1|RIR2_ASFP4     3.8067717 1.3678588 1.3502688 2.8786404 0.0441011 0.0000000 0.0121960 1.3862260 1.3340392 4.2790486 1.3563688 1.3627447 1.3543803 1.5027625 2.9790488 1.4911679 1.6228514 
sp|P0C8I2.1|RIR2_ASFWA     3.8298770 1.3674691 1.3498506 2.8913849 0.0313043 0.0121960 0.0000000 1.3858637 1.3335947 4.2584720 1.3559601 1.3623456 1.3539687 1.4971377 2.9608695 1.5028935 1.6267845 
sp|P0DSS7.1|RIR2_VAR67     3.6347108 0.0253615 0.0221045 2.6914550 1.3731744 1.3862260 1.3858637 0.0000000 0.0156393 4.3544992 0.0253162 0.0221313 0.0318945 0.3014593 2.6990472 0.3212269 0.7230653 
sp|P0DSS8.1|RIR2_VARV      3.5335710 0.0221179 0.0188843 2.6345582 1.3210544 1.3340392 1.3335947 0.0156393 0.0000000 4.2519117 0.0220786 0.0189071 0.0286104 0.2966299 2.6731864 0.3071869 0.6966601 
sp|P11156.2|RIR2_BPT4      2.4930140 4.2912893 4.2124931 4.8527112 4.2163708 4.2790486 4.2584720 4.3544992 4.2519117 0.0000000 4.2408523 4.2503990 4.2675042 3.9652296 4.1856551 4.3590673 4.0056159 
sp|P11158.1|RIR2_VACCW     3.5614645 0.0125121 0.0031073 2.6983468 1.3433671 1.3563688 1.3559601 0.0253162 0.0220786 4.2408523 0.0000000 0.0031110 0.0125535 0.2978901 2.6555259 0.2945316 0.6942828 
sp|P20493.1|RIR2_VACCC     3.5735232 0.0156745 0.0062276 2.7124162 1.3497225 1.3627447 1.3623456 0.0221313 0.0189071 4.2503990 0.0031110 0.0000000 0.0157249 0.3033368 2.6680580 0.2956721 0.6973189 
sp|P29883.1|RIR2_VACCP     3.5252735 0.0189165 0.0093953 2.7320762 1.3413890 1.3543803 1.3539687 0.0318945 0.0286104 4.2675042 0.0125535 0.0157249 0.0000000 0.3044040 2.6928052 0.2999009 0.7065829 
sp|P32209.1|RIR2_SWPVK     3.4440228 0.2988678 0.2924719 2.6511603 1.4897901 1.5027625 1.4971377 0.3014593 0.2966299 3.9652296 0.2978901 0.3033368 0.3044040 0.0000000 2.7000525 0.2852312 0.8446259 
sp|Q6UDJ1.1|RIR2_PSHV1     4.0909462 2.6978299 2.6430452 0.7567317 2.8654784 2.9790488 2.9608695 2.6990472 2.6731864 4.1856551 2.6555259 2.6680580 2.6928052 2.7000525 0.0000000 2.9230583 2.9361459 
sp|Q9DHU2.1|RIR2_YLDV      3.3731127 0.3006316 0.2944569 2.8791766 1.5029911 1.4911679 1.5028935 0.3212269 0.3071869 4.3590673 0.2945316 0.2956721 0.2999009 0.2852312 2.9230583 0.0000000 0.7589712 
sp|Q9QTF2.1|RIR2_RSIV      3.4093310 0.7052730 0.6911926 2.4408130 1.6429779 1.6228514 1.6267845 0.7230653 0.6966601 4.0056159 0.6942828 0.6973189 0.7065829 0.8446259 2.9361459 0.7589712 0.0000000 
