28
NFECIMNI_00018             0.0000000 7.0251019 6.9018885 7.8536442 7.7079233 7.4871049 7.5183990 6.9458322 6.8380286 7.3416366 6.9677402 6.9313723 6.8675712 6.9633696 6.8094343 6.5637733 6.6932520 3.2391382 3.7081096 3.5559200 2.1912786 3.6811450 3.5751674 4.0424602 3.9460688 3.8743659 3.4219114 3.4774951 
sp|A0A7H0DN21.1|RIR2_MONPV 7.0251019 0.0000000 0.0093613 2.4732277 1.4049050 1.4179172 1.4174327 0.0253317 0.0220928 4.0318198 0.0125081 0.0156667 0.0189006 0.2953817 2.4907747 0.3056313 0.6825816 5.8389986 5.3578572 5.3904007 6.3199013 5.1504251 5.4215756 4.8477819 6.0873936 5.0960534 7.0079077 5.4745330 
sp|O57175.1|RIR2_VACCA     6.9018885 0.0093613 0.0000000 2.4295146 1.3874786 1.4004966 1.3999848 0.0220831 0.0188668 3.9557142 0.0031069 0.0062263 0.0093903 0.2891571 2.4405024 0.2997036 0.6692956 5.7487979 5.3725853 5.3900203 6.2454927 5.2101926 5.4212446 4.8637439 6.0928666 4.9867754 6.8621929 5.4767742 
sp|P09247.1|RIR2_VZVD      7.8536442 2.4732277 2.4295146 0.0000000 2.7434834 2.7169243 2.7293193 2.4707164 2.4186809 4.5940480 2.4409583 2.4532969 2.4754870 2.4859065 0.7376557 2.6188279 2.2218590 6.4592339 6.9935586 6.7862453 6.4036528 7.0871954 6.8332868 5.7723673 6.8193675 6.3969458 6.1142483 7.4680129 
sp|P0C8I0.1|RIR2_ASFK5     7.7079233 1.4049050 1.3874786 2.7434834 0.0000000 0.0440167 0.0312536 1.4232039 1.3710368 3.7425390 1.3934164 1.3998213 1.4036219 1.4362669 2.6963472 1.5818997 1.6070666 5.7910635 6.4609501 6.3475659 6.2652422 5.6087173 6.3858923 5.4241091 7.2874944 5.4646247 6.8489179 6.7975185 
sp|P0C8I1.1|RIR2_ASFP4     7.4871049 1.4179172 1.4004966 2.7169243 0.0440167 0.0000000 0.0121919 1.4362768 1.3840536 3.8241913 1.4064454 1.4128707 1.4166431 1.4490228 2.7697779 1.5697148 1.5877519 5.5989205 6.5865840 6.4710199 6.0357960 5.5649088 6.5106226 5.5020543 7.2002220 5.6564685 6.7479831 6.7254094 
sp|P0C8I2.1|RIR2_ASFWA     7.5183990 1.4174327 1.3999848 2.7293193 0.0312536 0.0121919 0.0000000 1.4358184 1.3835161 3.8146556 1.4059425 1.4123770 1.4161563 1.4433273 2.7534168 1.5814833 1.5915871 5.5634599 6.5544102 6.4392130 6.0130920 5.5561763 6.4785495 5.4490523 7.1887119 5.6416004 6.8281586 6.7094577 
sp|P0DSS7.1|RIR2_VAR67     6.9458322 0.0253317 0.0220831 2.4707164 1.4232039 1.4362768 1.4358184 0.0000000 0.0156293 4.0385343 0.0252892 0.0221099 0.0318469 0.2981064 2.4949084 0.3258622 0.6992712 5.6782254 5.2018041 5.2171846 6.1566732 4.9068744 5.2472837 4.7990082 5.9957410 4.9964049 6.9894842 5.3051861 
sp|P0DSS8.1|RIR2_VARV      6.8380286 0.0220928 0.0188668 2.4186809 1.3710368 1.3840536 1.3835161 0.0156293 0.0000000 3.9992899 0.0220559 0.0188897 0.0285688 0.2933864 2.4694668 0.3121026 0.6742097 5.8104079 5.3260971 5.3117099 6.3028561 5.0703952 5.3423728 4.7544444 6.0064519 4.9836755 7.0042047 5.3394807 
sp|P11156.2|RIR2_BPT4      7.3416366 4.0318198 3.9557142 4.5940480 3.7425390 3.8241913 3.8146556 4.0385343 3.9992899 0.0000000 3.9841600 3.9841600 3.9766724 3.6992618 3.8955102 3.9344215 3.5059440 6.0255446 5.5921527 5.5749058 6.6869852 6.0375701 5.4679966 5.4062870 8.8231742 5.4706333 7.9941924 5.6817919 
sp|P11158.1|RIR2_VACCW     6.9677402 0.0125081 0.0031069 2.4409583 1.3934164 1.4064454 1.4059425 0.0252892 0.0220559 3.9841600 0.0000000 0.0031107 0.0125455 0.2944919 2.4518950 0.2997519 0.6721008 5.7930757 5.4114894 5.4294373 6.2924605 5.2465632 5.4609642 4.8980658 6.1222667 5.0219648 6.8989210 5.5166909 
sp|P20493.1|RIR2_VACCC     6.9313723 0.0156667 0.0062263 2.4532969 1.3998213 1.4128707 1.4123770 0.0221099 0.0188897 3.9841600 0.0031107 0.0000000 0.0157134 0.2998545 2.4633407 0.3008452 0.6748813 5.8271560 5.4417992 5.4601320 6.3280037 5.2750608 5.4918591 4.9253502 6.1222667 5.0497927 6.9638033 5.5476676 
sp|P29883.1|RIR2_VACCP     6.8675712 0.0189006 0.0093903 2.4754870 1.4036219 1.4166431 1.4161563 0.0318469 0.0285688 3.9766724 0.0125455 0.0157134 0.0000000 0.3008466 2.4862756 0.3050743 0.6841489 5.8202333 5.4205140 5.4385669 6.2049271 5.2551192 5.4701365 4.8593722 6.1367491 5.0414965 6.8423540 5.5258570 
sp|P32209.1|RIR2_SWPVK     6.9633696 0.2953817 0.2891571 2.4859065 1.4362669 1.4490228 1.4433273 0.2981064 0.2933864 3.6992618 0.2944919 0.2998545 0.3008466 0.0000000 2.4966771 0.2810666 0.8097249 5.1472565 4.4954674 4.5503215 5.6445560 4.3767384 4.5795198 4.5427239 5.4560323 4.6526056 5.5443593 4.5793860 
sp|Q6UDJ1.1|RIR2_PSHV1     6.8094343 2.4907747 2.4405024 0.7376557 2.6963472 2.7697779 2.7534168 2.4949084 2.4694668 3.8955102 2.4518950 2.4633407 2.4862756 2.4966771 0.0000000 2.6603314 2.6583217 6.4828290 6.8967976 6.7506803 6.9635515 7.1229566 6.7954094 5.9294583 7.9977558 5.8407261 7.0643642 6.4517808 
sp|Q9DHU2.1|RIR2_YLDV      6.5637733 0.3056313 0.2997036 2.6188279 1.5818997 1.5697148 1.5814833 0.3258622 0.3121026 3.9344215 0.2997519 0.3008452 0.3050743 0.2810666 2.6603314 0.0000000 0.7470532 5.0750578 4.6544004 4.5930350 5.8029080 4.7587417 4.6176691 4.7196819 6.2816065 4.6257035 5.9328600 4.7290547 
sp|Q9QTF2.1|RIR2_RSIV      6.6932520 0.6825816 0.6692956 2.2218590 1.6070666 1.5877519 1.5915871 0.6992712 0.6742097 3.5059440 0.6721008 0.6748813 0.6841489 0.8097249 2.6583217 0.7470532 0.0000000 5.0862679 4.4901618 4.5389240 5.5696525 4.6104741 4.5651868 4.7515929 6.2242880 4.5445008 6.3364242 5.6802975 
sp|A0A7H0DN52.1|RIR1_MONPV 3.2391382 5.8389986 5.7487979 6.4592339 5.7910635 5.5989205 5.5634599 5.6782254 5.8104079 6.0255446 5.7930757 5.8271560 5.8202333 5.1472565 6.4828290 5.0750578 5.0862679 0.0000000 2.6089619 2.6303518 2.4725051 2.4300773 2.6052404 2.5989776 2.3341631 2.6029697 2.2837304 2.4664806 
sp|P08543.2|RIR1_HHV11     3.7081096 5.3578572 5.3725853 6.9935586 6.4609501 6.5865840 6.5544102 5.2018041 5.3260971 5.5921527 5.4114894 5.4417992 5.4205140 4.4954674 6.8967976 4.6544004 4.4901618 2.6089619 0.0000000 0.2106409 3.5338722 1.1307176 0.2031649 2.0809436 3.1478526 2.0240328 3.0282702 1.3368907 
sp|P09853.2|RIR1_HHV23     3.5559200 5.3904007 5.3900203 6.7862453 6.3475659 6.4710199 6.4392130 5.2171846 5.3117099 5.5749058 5.4294373 5.4601320 5.4385669 4.5503215 6.7506803 4.5930350 4.5389240 2.6303518 0.2106409 0.0000000 3.5346650 1.1296137 0.0054173 2.0835329 3.1521023 1.9972626 3.0085525 1.3370004 
sp|P32282.1|RIR1_BPT4      2.1912786 6.3199013 6.2454927 6.4036528 6.2652422 6.0357960 6.0130920 6.1566732 6.3028561 6.6869852 6.2924605 6.3280037 6.2049271 5.6445560 6.9635515 5.8029080 5.5696525 2.4725051 3.5338722 3.5346650 0.0000000 3.3237235 3.5263011 3.7764181 2.7948082 3.8026878 2.8503989 3.2597109 
sp|P50642.1|RIR1_EHV4      3.6811450 5.1504251 5.2101926 7.0871954 5.6087173 5.5649088 5.5561763 4.9068744 5.0703952 6.0375701 5.2465632 5.2750608 5.2551192 4.3767384 7.1229566 4.7587417 4.6104741 2.4300773 1.1307176 1.1296137 3.3237235 0.0000000 1.1248831 2.0821175 3.1318081 1.8797194 3.2680203 1.2282127 
sp|P89462.1|RIR1_HHV2H     3.5751674 5.4215756 5.4212446 6.8332868 6.3858923 6.5106226 6.4785495 5.2472837 5.3423728 5.4679966 5.4609642 5.4918591 5.4701365 4.5795198 6.7954094 4.6176691 4.5651868 2.6052404 0.2031649 0.0054173 3.5263011 1.1248831 0.0000000 2.0675915 3.1502129 1.9981836 3.0282992 1.3308003 
sp|Q01037.1|RIR1_SHV21     4.0424602 4.8477819 4.8637439 5.7723673 5.4241091 5.5020543 5.4490523 4.7990082 4.7544444 5.4062870 4.8980658 4.9253502 4.8593722 4.5427239 5.9294583 4.7196819 4.7515929 2.5989776 2.0809436 2.0835329 3.7764181 2.0821175 2.0675915 0.0000000 3.4532811 0.9042737 3.4069563 2.0868675 
sp|Q196Z5.1|RIR1_IIV3      3.9460688 6.0873936 6.0928666 6.8193675 7.2874944 7.2002220 7.1887119 5.9957410 6.0064519 8.8231742 6.1222667 6.1222667 6.1367491 5.4560323 7.9977558 6.2816065 6.2242880 2.3341631 3.1478526 3.1521023 2.7948082 3.1318081 3.1502129 3.4532811 0.0000000 3.3075347 1.3726347 2.9861427 
sp|Q2HR67.1|RIR1_HHV8P     3.8743659 5.0960534 4.9867754 6.3969458 5.4646247 5.6564685 5.6416004 4.9964049 4.9836755 5.4706333 5.0219648 5.0497927 5.0414965 4.6526056 5.8407261 4.6257035 4.5445008 2.6029697 2.0240328 1.9972626 3.8026878 1.8797194 1.9981836 0.9042737 3.3075347 0.0000000 3.2816346 2.2708791 
sp|Q6GZT8.1|RIR1_FRG3G     3.4219114 7.0079077 6.8621929 6.1142483 6.8489179 6.7479831 6.8281586 6.9894842 7.0042047 7.9941924 6.8989210 6.9638033 6.8423540 5.5443593 7.0643642 5.9328600 6.3364242 2.2837304 3.0282702 3.0085525 2.8503989 3.2680203 3.0282992 3.4069563 1.3726347 3.2816346 0.0000000 2.9967787 
sp|Q6UDJ2.1|RIR1_PSHV1     3.4774951 5.4745330 5.4767742 7.4680129 6.7975185 6.7254094 6.7094577 5.3051861 5.3394807 5.6817919 5.5166909 5.5476676 5.5258570 4.5793860 6.4517808 4.7290547 5.6802975 2.4664806 1.3368907 1.3370004 3.2597109 1.2282127 1.3308003 2.0868675 2.9861427 2.2708791 2.9967787 0.0000000 
